Artificial | [0, 0, 0, 0, 0, 0, 0, 0, 0, 0, 0, 0, 0, 0, 0, 0, 0]
AI | [0, 0, 0, 0, 0, 0, 0, 0, 0, 0, 0, 0, 0, 0, 0, 0, 0, 0, 0, 0, 0, 0, 0, 0, 0, 0, 0, 0, 0, 0, 0, 0, 0, 0, 0, 0, 0, 0, 0, 0, 0, 0, 0, 0, 0, 0, 0, 0, 0, 0, 0, 0, 0, 0, 0, 0, 0, 0, 0, 0, 0, 0, 0, 0, 0, 0, 0, 0, 0, 0, 0, 0, 0, 0, 0, 0, 0, 0, 0, 0, 0, 0, 0, 0, 0, 0, 0, 0, 0, 0, 0, 0, 0, 0, 0, 0, 0, 0, 0, 0, 0, 0, 0, 0, 0, 0, 0, 0, 0, 0, 0, 0, 0, 0, 0, 0, 0, 0, 0, 0, 0]
and | [0, 0, 0, 0, 0, 0, 0, 0, 0, 0, 0, 0, 0, 0, 0, 0, 0, 0, 0, 0, 0, 0, 0, 0, 0, 0, 0, 0, 0, 0, 0, 0, 0, 0, 0, 0, 0, 0, 0, 0, 0, 0, 0, 0, 0, 0, 0, 0, 0, 0, 0, 0, 0, 0, 0, 0, 0, 0, 0, 0, 0, 0, 0, 0, 0, 0, 0, 0, 0, 0, 0, 0, 0, 0, 0, 0, 0, 0, 0, 0, 0, 0, 0, 0, 0, 0, 0, 0, 0, 0, 0, 0, 0, 0, 0, 0, 0, 0, 0, 0, 0, 0, 0, 0, 0, 0, 0, 0, 0, 0, 0, 0, 0, 0, 0, 0, 0, 0, 0, 0, 0, 0, 0, 0, 0, 0, 0, 0, 0, 0, 0, 0, 0, 0, 0, 0, 0, 0, 0, 0, 0, 0, 0, 0, 0, 0, 0, 0, 0, 0, 0, 0, 0, 0, 0, 0, 0, 0, 0, 0, 0, 0, 0, 0, 0, 0, 0, 0, 0, 0, 0, 0, 0, 0, 0, 0, 0, 0, 0, 0, 0, 0, 0, 0, 0, 0, 0, 0, 0, 0, 0, 0, 0, 0, 0, 0, 0, 0, 0, 0, 0, 0, 0, 0, 0, 0, 0, 0, 0, 0, 0, 0, 0, 0, 0, 0, 0, 0, 0, 0, 0, 0, 0, 0, 0, 0, 0, 0, 0, 0, 0, 0, 0, 0, 0, 0, 0, 0, 0, 0, 0, 0, 0, 0, 0, 0, 0, 0, 0, 0, 0, 0, 0, 0, 0, 0, 0, 0, 0, 0, 0, 0, 0, 0, 0, 0, 0, 0, 0, 0, 0, 0, 0, 0, 0, 0, 0, 0, 0, 0, 0, 0, 0, 0, 0, 0, 0, 0, 0, 0, 0, 0, 0, 0, 0, 0, 0, 0, 0, 0, 0, 0, 0, 0, 0, 0, 0, 0, 0, 0, 0, 0, 0, 0, 0, 0, 0, 0, 0, 0, 0, 0, 0, 0, 0, 0, 0, 0, 0, 0, 0, 0, 0, 0, 0, 0, 0, 0, 0, 0, 0, 0, 0, 0, 0, 0, 0, 0, 1, 1, 1, 1, 1, 1, 1, 1, 1, 1, 1, 1, 1, 1, 1, 1, 1, 1, 1, 1, 1, 1, 1, 1, 1, 1, 1, 1, 1, 1, 1, 1, 1, 1, 1, 1, 1, 1, 1, 1, 1, 1, 1, 1, 1, 1, 1, 1, 1, 1, 1, 1, 1, 1, 1, 1, 1, 1, 1, 1, 1, 1, 1, 1, 1, 1, 1, 1, 1, 1, 1, 1, 1, 1, 1, 1, 1, 1, 1, 1, 1, 1, 1, 1, 1, 1, 1, 1, 1, 1, 1, 1, 1, 1, 1, 1, 1, 1, 1, 1, 1, 1, 1, 1, 1, 1, 1, 1, 1, 1, 1, 1, 1, 1, 1, 1, 1, 1, 1, 1, 1, 1, 1, 1, 1, 1, 1, 1, 1, 1, 1, 1, 1, 1, 1, 1, 1, 1, 1, 1, 1, 1, 1, 1, 1, 1, 1, 1, 1, 1, 1, 1, 1, 1, 1, 1, 1, 1, 1, 1, 1, 1, 1, 1, 1, 1, 1, 1, 1, 1, 1, 1, 1, 1, 1, 1, 1, 1, 1, 1, 1, 1, 1, 1, 1, 1, 1, 1, 1, 1, 1, 1, 1, 1, 1, 1, 1, 1, 1, 1, 1, 1, 1, 1, 1, 1, 1, 1, 1, 1, 1, 1, 1, 1, 1, 1, 1, 1, 1, 1, 1, 1, 1, 1, 1, 1, 1, 1, 2, 2, 2, 2, 2, 2, 2, 2, 2, 2, 2, 2, 2, 2, 2, 2, 2, 2, 2, 2, 2, 2, 2, 2, 2, 2, 2, 2, 2, 2, 2, 2, 2, 2, 2, 2, 2, 2, 2, 2, 2, 2, 2, 2, 2, 2, 2, 2, 2, 2, 2, 2, 2, 2, 2, 2, 2, 2, 2, 2, 2, 2, 2, 2, 2, 2, 2, 2, 2, 2, 2, 2, 2, 2, 2, 2, 2, 2, 2, 2, 2, 2, 2, 2, 2, 2, 2, 2, 2, 2, 2, 2, 2, 2, 2, 2, 2, 2, 2, 2, 2, 2, 2, 2, 2, 2, 2, 2, 2, 2, 2, 2, 2, 2, 2, 2, 2, 2, 2, 2, 2, 2, 2, 2, 2, 2, 2, 2, 2, 2, 2, 2, 2, 2, 2, 2, 2, 2, 2, 2, 2, 2, 2, 2, 2, 2, 2, 2, 2, 2, 2, 2, 2, 2, 2, 2, 2, 2, 2, 2, 2, 2, 2, 2, 2, 2, 2, 2, 2, 2, 2, 2, 2, 2, 2, 2, 2, 2, 2, 2, 2]
a | [0, 0, 0, 0, 0, 0, 0, 0, 0, 0, 0, 0, 0, 0, 0, 0, 0, 0, 0, 0, 0, 0, 0, 0, 0, 0, 0, 0, 0, 0, 0, 0, 0, 0, 0, 0, 0, 0, 0, 0, 0, 0, 0, 0, 0, 0, 0, 0, 0, 0, 0, 0, 0, 0, 0, 0, 0, 0, 0, 0, 0, 0, 0, 0, 0, 0, 0, 0, 0, 0, 0, 0, 0, 0, 0, 0, 0, 0, 0, 0, 0, 0, 0, 0, 0, 0, 0, 0, 0, 0, 0, 0, 0, 0, 0, 0, 0, 0, 0, 0, 0, 0, 0, 0, 0, 0, 0, 0, 0, 0, 0, 0, 0, 0, 0, 0, 0, 0, 0, 0, 0, 0, 0, 0, 0, 0, 0, 0, 0, 0, 0, 0, 0, 0, 0, 0, 0, 0, 0, 0, 0, 0, 0, 0, 0, 0, 0, 0, 0, 0, 0, 0, 0, 0, 0, 0, 0, 0, 0, 0, 0, 0, 0, 0, 0, 0, 0, 0, 0, 0, 1, 1, 1, 1, 1, 1, 1, 1, 1, 1, 1, 1, 1, 1, 1, 1, 1, 1, 1, 1, 1, 1, 1, 1, 1, 1, 1, 1, 1, 1, 1, 1, 1, 1, 1, 1, 1, 1, 1, 1, 1, 1, 1, 1, 1, 1, 1, 1, 1, 1, 1, 1, 1, 1, 1, 1, 1, 1, 1, 1, 1, 1, 1, 1, 1, 1, 1, 1, 1, 1, 1, 1, 1, 1, 1, 1, 1, 1, 1, 1, 1, 1, 1, 1, 1, 1, 1, 1, 1, 1, 1, 1, 1, 1, 1, 1, 1, 1, 1, 1, 1, 1, 1, 1, 1, 1, 1, 1, 1, 1, 1, 1, 1, 1, 1, 1, 1, 1, 1, 1, 1, 1, 1, 1, 1, 1, 1, 1, 1, 1, 1, 1, 1, 1, 1, 1, 1, 1, 1, 1, 1, 1, 1, 1, 1, 1, 1, 1, 1, 1, 1, 1, 1, 1, 1, 1, 1, 1, 1, 1, 1, 1, 1, 1, 1, 1, 1, 1, 1, 1, 1, 1, 1, 1, 1, 1, 1, 1, 1, 1, 1, 1, 1, 1, 1, 1, 1, 1, 1, 1, 1, 1, 1, 1, 1, 1, 1, 1, 1, 1, 1, 1, 1, 1, 1, 1, 1, 1, 1, 1, 1, 1, 1, 1, 1, 1, 1, 1, 1, 1, 1, 1, 1, 1, 1, 1, 1, 1, 1, 1, 1, 1, 1, 1, 1, 1, 1, 1, 1, 1, 1, 1, 1, 1, 1, 1, 1, 1, 1, 1, 1, 1, 1, 1, 1, 1, 1, 1, 1, 1, 1, 1, 1, 1, 1, 1, 1, 1, 1, 1, 2, 2, 2, 2, 2, 2, 2, 2, 2, 2, 2, 2, 2, 2, 2, 2, 2, 2, 2, 2, 2, 2, 2, 2, 2, 2, 2, 2, 2, 2, 2, 2, 2, 2, 2, 2, 2, 2, 2, 2, 2, 2, 2, 2, 2, 2, 2, 2, 2, 2, 2, 2, 2, 2, 2, 2, 2, 2, 2, 2, 2, 2, 2, 2, 2, 2, 2, 2, 2, 2, 2, 2, 2, 2, 2, 2, 2, 2, 2, 2, 2, 2, 2, 2, 2, 2, 2, 2, 2, 2, 2, 2, 2, 2, 2, 2, 2, 2, 2, 2, 2, 2, 2, 2, 2, 2, 2, 2, 2, 2, 2, 2, 2, 2, 2, 2, 2, 2, 2, 2, 2, 2, 2, 2, 2, 2, 2, 2, 2, 2, 2, 2, 2, 2, 2, 2, 2, 2, 2, 2, 2, 2, 2, 2, 2, 2, 2, 2, 2, 2, 2, 2, 2, 2, 2, 2, 2, 2, 2, 2, 2, 2, 2, 2, 2, 2, 2, 2, 2, 2, 2, 2, 2, 2, 2, 2, 2, 2, 2, 2, 2, 2, 2]
Anatomy-1751201 | [0]
Approaches | [0]
as | [0, 0, 0, 0, 0, 0, 0, 0, 0, 0, 0, 0, 0, 0, 0, 0, 0, 0, 0, 0, 0, 0, 0, 0, 0, 0, 0, 0, 0, 0, 0, 0, 0, 0, 0, 0, 0, 0, 0, 0, 0, 0, 0, 0, 0, 0, 0, 0, 0, 0, 0, 0, 0, 0, 0, 0, 0, 0, 0, 0, 0, 0, 0, 0, 0, 0, 0, 0, 0, 0, 0, 0, 0, 0, 0, 0, 0, 0, 0, 0, 0, 0, 0, 0, 0, 0, 0, 0, 0, 0, 0, 0, 0, 0, 0, 0, 0, 0, 0, 0, 0, 0, 0, 0, 0, 0, 0, 0, 0, 0, 1, 1, 1, 1, 1, 1, 1, 1, 1, 1, 1, 1, 1, 1, 1, 1, 1, 1, 1, 1, 1, 1, 1, 1, 1, 1, 1, 1, 1, 1, 1, 1, 1, 1, 1, 1, 1, 1, 1, 1, 1, 1, 1, 1, 1, 1, 1, 1, 1, 1, 1, 1, 1, 1, 1, 1, 1, 1, 1, 1, 1, 1, 1, 1, 1, 1, 2, 2, 2, 2, 2, 2, 2, 2, 2, 2, 2, 2, 2, 2, 2, 2, 2, 2, 2, 2, 2, 2, 2, 2, 2, 2, 2, 2, 2, 2, 2, 2, 2, 2, 2, 2, 2, 2, 2, 2, 2, 2, 2, 2, 2, 2, 2, 2, 2, 2, 2, 2, 2, 2, 2, 2, 2, 2, 2, 2, 2, 2, 2, 2, 2, 2, 2, 2, 2, 2, 2, 2, 2, 2, 2, 2, 2, 2]
animals | [0]
agents, | [0, 0]
any | [0, 0, 0, 0, 0, 1, 1, 1, 1, 1, 1, 1, 1, 1, 1, 1, 1, 1, 1, 1, 1, 1, 1, 2, 2, 2, 2, 2, 2, 2, 2, 2, 2, 2, 2, 2, 2, 2, 2, 2, 2, 2, 2]
actions | [0, 0, 0, 0, 1]
achieving | [0, 0]
are | [0, 0, 0, 0, 0, 0, 0, 0, 0, 0, 0, 0, 0, 0, 0, 0, 0, 0, 0, 0, 0, 0, 0, 0, 0, 0, 0, 0, 0, 0, 0, 0, 0, 0, 0, 0, 0, 0, 0, 0, 0, 0, 0, 0, 0, 0, 0, 0, 0, 0, 0, 0, 0, 1, 1, 1, 1, 1, 1, 1, 1, 1, 1, 1, 1, 1, 1, 1, 1, 1, 1, 1, 1, 1, 1, 1, 1, 1, 1, 1, 1, 1, 1, 1, 1, 1, 1, 1, 1, 1, 1, 1, 1, 1, 1, 1, 1, 1, 1, 1, 1, 1, 1, 1, 1, 1, 1, 1, 1, 1, 1, 1, 1, 1, 1, 1, 1, 1, 1, 1, 1, 1, 1, 1, 1, 1, 1, 1, 1, 2, 2, 2, 2, 2, 2, 2, 2, 2, 2, 2, 2, 2, 2, 2, 2, 2, 2, 2, 2, 2, 2, 2, 2, 2, 2, 2, 2, 2, 2, 2, 2, 2, 2, 2, 2, 2, 2, 2, 2, 2, 2, 2, 2, 2, 2, 2, 2, 2, 2, 2, 2, 2, 2, 2, 2, 2, 2, 2, 2, 2, 2, 2, 2, 2, 2, 2, 2, 2, 2, 2, 2, 2, 2, 2, 2, 2, 2, 2, 2, 2, 2, 2, 2, 2, 2, 2, 2, 2, 2, 2, 2, 2, 2, 2, 2, 2, 2, 2, 2, 2, 2, 2]
associated | [0, 0, 1, 1]
acting | [0, 0, 0, 1]
articulated.[b] | [0]
applications | [0, 0, 0, 0, 0, 0, 0, 0, 1, 1, 2, 2, 2, 2, 2, 2, 2, 2]
advanced | [0, 0, 0, 0, 0, 2]
Amazon | [0]
Alexa), | [0]
automated | [0, 1, 1, 1, 1]
at | [0, 0, 0, 0, 0, 0, 0, 0, 0, 0, 0, 0, 0, 0, 0, 0, 0, 1, 1, 1, 1, 1, 1, 1, 1, 1, 1, 1, 1, 1, 1, 1, 1, 1, 1, 1, 1, 1, 1, 1, 1, 1, 1, 1, 1, 2, 2, 2, 2, 2, 2, 2, 2, 2, 2, 2, 2, 2, 2, 2]
As | [0, 0, 0, 1, 1, 1, 2, 2, 2, 2, 2, 2]
AI, | [0, 0, 0, 0, 0, 0]
AI,[4] | [0]
an | [0, 0, 0, 0, 0, 0, 0, 0, 0, 0, 0, 0, 0, 0, 0, 0, 0, 0, 0, 0, 0, 0, 0, 0, 0, 0, 0, 0, 0, 0, 0, 0, 0, 0, 0, 0, 0, 0, 0, 0, 0, 0, 1, 1, 1, 1, 1, 1, 1, 1, 1, 1, 1, 1, 1, 1, 1, 1, 1, 1, 1, 1, 1, 1, 1, 1, 1, 1, 1, 1, 1, 1, 1, 1, 1, 1, 1, 1, 1, 1, 1, 1, 1, 1, 1, 1, 1, 1, 1, 1, 1, 1, 1, 1, 1, 1, 1, 1, 1, 1, 1, 1, 1, 1, 1, 1, 1, 1, 1, 1, 1, 1, 1, 1, 1, 1, 1, 1, 1, 1, 1, 1, 1, 2, 2, 2, 2, 2, 2, 2, 2, 2, 2, 2, 2, 2, 2, 2, 2, 2, 2, 2, 2, 2, 2, 2, 2, 2, 2, 2, 2, 2, 2, 2, 2, 2, 2]
academic | [0, 0, 0, 0]
approaches, | [0]
approaches | [0, 0, 0, 0, 0, 0, 0, 0, 0, 0, 0, 0, 2]
animal | [0, 0, 0]
academia.[11][10] | [0]
around | [0, 0, 0, 1, 2, 2]
ability | [0, 0, 0, 0, 0, 0, 0, 0, 0, 2]
arbitrary | [0, 1, 1, 1, 1, 2, 2, 2, 2, 2, 2]
among | [0, 0, 0, 2, 2, 2, 2, 2]
adapted | [0, 1]
artificial | [0, 0, 0, 0, 0, 0, 0, 0, 0, 0, 0, 0, 0, 0, 0, 0, 0, 0, 0, 0, 0, 0, 0, 0, 0, 0, 0, 0, 0, 0, 0, 0, 0, 0, 0, 0, 0, 0, 0, 0, 0, 0, 0, 0, 0, 0, 0, 0, 0, 0, 0, 0, 0, 0, 1, 1]
also | [0, 0, 0, 0, 0, 0, 0, 0, 0, 0, 0, 0, 0, 0, 0, 0, 0, 0, 0, 0, 0, 0, 1, 1, 1, 1, 1, 1, 1, 1, 1, 1, 1, 1, 1, 1, 1, 1, 1, 2, 2, 2, 2, 2, 2, 2, 2, 2, 2, 2, 2, 2, 2, 2, 2, 2, 2, 2, 2, 2, 2, 2]
assumption | [0, 0, 1, 2]
arguments | [0, 0, 1, 1, 2, 2]
about | [0, 0, 0, 0, 0, 0, 0, 0, 0, 0, 0, 0, 0, 0, 0, 0, 1, 1, 1, 1, 1, 1, 2, 2, 2, 2, 2]
antiquity.[14] | [0]
Applications | [0, 0, 0, 0]
articles: | [0, 0, 0, 0, 0, 0, 0, 0, 0, 0, 0, 0, 0, 0, 0, 0, 0, 0, 0, 0, 1, 2, 2, 2]
ancient | [0, 1, 1, 1, 1, 1, 1, 2, 2]
automaton | [0]
appeared | [0, 0, 1]
antiquity,[17] | [0, 0]
antiquity. | [0, 1]
Alan | [0, 0, 1, 1, 1, 1, 1, 1, 1]
act | [0, 0]
along | [0, 1]
achieve | [0, 0, 0, 0]
Allen | [0]
A. | [0, 1, 1]
approach | [0, 0, 0, 0, 1, 1, 1]
approach, | [0, 0, 0, 1]
answers. | [0]
AI) | [0, 0, 0]
argues | [0, 0, 0, 0, 0, 0]
attendees | [0]
algebra, | [0, 2, 2, 2]
agreed, | [0]
AI. | [0, 0, 0]
analytical | [0, 1, 1, 2]
At | [0, 1, 1, 1, 1, 2]
again | [0, 0, 1, 1, 2, 2, 2]
able | [0, 0, 0, 0]
all | [0, 0, 0, 0, 0, 0, 0, 0, 0, 1, 1, 1, 1, 1, 1, 1, 1, 1, 1, 1, 1, 1, 2, 2, 2, 2, 2, 2, 2, 2, 2, 2, 2, 2, 2, 2, 2, 2, 2, 2, 2, 2, 2, 2, 2, 2, 2, 2, 2, 2, 2, 2, 2, 2, 2, 2]
A | [0, 0, 0, 0, 0, 0, 0, 0, 0, 0, 0, 0, 0, 0, 0, 0, 0, 0, 0, 1, 1, 1, 1, 1, 1, 1, 1, 1, 1, 1, 1, 1, 1, 1, 1, 1, 1, 1, 1, 1, 1, 1, 1, 1, 1, 1, 1, 1, 1, 1, 1, 1, 1, 1, 1, 1, 2, 2, 2, 2, 2, 2, 2, 2, 2, 2]
allow | [0, 0, 0, 0, 0]
allowed | [0]
although | [0, 1, 2, 2, 2, 2, 2, 2, 2]
algorithmic | [0, 0, 0, 1, 1, 1]
access | [0, 0, 1]
amounts | [0]
advances | [0, 0, 1]
accuracy | [0, 0, 0]
According | [0, 0, 2, 2]
attributes | [0]
affordable | [0]
amount | [0, 1, 1, 1]
attention.[c] | [0]
algorithms | [0, 0, 0, 0, 0, 0, 0, 0, 0, 0, 0, 1, 1, 1, 1, 1, 1, 1, 1, 1, 1, 1, 1, 1, 1, 1, 1, 1, 1, 1, 1, 1, 1, 1, 1, 1, 1, 1, 1, 1, 1, 1, 1, 1, 1, 1, 1, 1, 1, 1, 1, 1, 1, 1, 1, 1, 1, 1, 1, 1, 1, 1, 1, 1, 1, 1, 1, 1, 1, 1, 1, 1, 1, 1, 1, 1, 1, 1, 1, 1, 1, 1, 1, 1, 1, 1, 1, 1, 1, 1, 1, 1, 1, 2, 2, 2, 2, 2, 2, 2, 2, 2, 2]
An | [0, 0, 0, 0, 0, 1, 1, 1, 1, 1, 1, 1, 1, 1, 1, 1, 1, 1, 1, 1, 2, 2, 2, 2]
answer | [0, 1, 1, 1, 1, 2, 2, 2]
agents | [0, 0, 0, 0, 0]
attempt | [0, 0, 1]
area | [0, 0, 0, 2, 2, 2]
average | [0, 0, 1, 2]
assume | [0, 0, 0, 1]
Among | [0, 0]
are: | [0, 1]
atomic | [0]
actionable | [0]
areas.[63] | [0]
article: | [0, 0, 0, 0, 0, 0, 0, 0, 0, 0, 0, 0, 0, 0, 0, 1, 1, 2, 2, 2, 2, 2, 2, 2, 2, 2, 2, 2]
Automated | [0, 0]
agent | [0, 0, 0, 0, 0, 0, 0, 0, 0, 0, 0, 0, 0, 0, 1]
available | [0, 1, 1, 1, 2, 2]
allowing | [0]
actions.[65] | [0]
actor, | [0]
adapt.[66] | [0]
automatically | [0]
approximators" | [0]
applied | [0, 0, 1, 1, 1, 2]
assess | [0, 0]
according | [0, 0, 1, 1]
allows | [0, 0, 2]
acquisition | [0]
answering | [0, 0]
applications, | [0, 0, 0]
appears | [0, 0, 1, 1]
another), | [0]
achieved | [0]
acceptable | [0]
and, | [0, 0, 2]
abstract | [0, 1, 1, 1, 2, 2, 2]
active | [0, 0]
aspects | [0, 1, 2]
analyze | [0, 0, 0, 0, 0, 1]
Affective | [0, 0]
assistants | [0, 0]
appear | [0, 1, 2, 2, 2]
actually | [0, 0]
are.[88] | [0]
affective | [0]
analysis | [0, 1, 1, 1, 1, 1, 1, 1, 2, 2]
analysis), | [0]
affects | [0]
argue | [0, 0, 0, 0, 0]
architecture | [0, 0]
algorithm" | [0]
AGI.[91] | [0]
anthropomorphic | [0]
algorithm, | [0, 1, 1, 1, 1, 1, 1, 1, 1, 1, 1, 1, 1, 1, 1, 1, 2, 2]
application | [0, 0, 0, 0, 0, 1, 1, 1]
attempting | [0, 0]
analysis.[95] | [0]
astronomical | [0, 1]
annealing.[100] | [0]
algorithms, | [0, 0, 0, 1, 1, 1, 1, 1, 1, 1, 1, 1, 1, 1, 1, 1, 1, 1, 1, 1, 2, 2, 2, 2]
Alternatively, | [0]
algorithms. | [0, 1, 1, 1, 1, 1, 1, 1, 1, 1, 1, 1, 2]
ant | [0, 0]
algorithm | [0, 0, 0, 0, 1, 1, 1, 1, 1, 1, 1, 1, 1, 1, 1, 1, 1, 1, 1, 1, 1, 1, 1, 1, 1, 1, 1, 1, 1, 1, 1, 1, 1, 1, 1, 1, 1, 1, 1, 1, 1, 1, 1, 1, 1, 1, 1, 1, 1, 1, 1, 1, 1, 1, 1, 1, 1, 1, 1, 1, 1, 1, 1, 1, 1, 1, 1, 1, 1, 1, 1, 1, 1, 1, 1, 1, 1, 1, 1, 1, 1, 1, 1, 1, 1, 1, 1, 1, 1, 1, 1, 1, 1, 1, 1, 1, 1, 1, 1, 1, 1, 1, 1, 1, 1, 1, 1, 1, 1, 1, 2, 2, 2, 2, 2, 2, 2, 2]
adds | [0, 1, 1]
assigns | [0]
arising | [0]
accurate | [0, 0, 1, 1, 2]
algorithm),[n][112] | [0]
algorithm),[o][114] | [0]
agent. | [0]
analysis,[117] | [0]
actions, | [0]
attractive | [0]
All | [0, 1]
approaches. | [0]
algorithm.[122] | [0]
analogical | [0]
across | [0]
assumed | [0, 1, 1]
actual | [0]
available, | [0]
akin | [0]
accepts | [0]
activated | [0]
against | [0, 0, 0]
activate. | [0]
adjust | [0]
activation | [0, 0]
another. | [0, 1]
activation; | [0]
addition, | [0, 0, 2]
algorithm.[129] | [0]
acyclic | [0]
Abstraction | [0]
abstraction | [0]
accelerators | [0]
also: | [0, 1, 1, 1, 1]
actress | [0]
areas | [0, 2]
advertisements,[146][non-primary | [0]
Amazon), | [0]
advertising | [0]
Alexa),[149] | [0]
autonomous | [0, 0, 0, 0, 0, 0]
automatic | [0, 1]
Apple's | [0]
AI's | [0, 0]
AlphaGo | [0]
Atari | [0]
albeit | [0]
attaining | [0]
AlphaFold | [0]
approximate, | [0]
art | [0, 1, 1]
AI-related | [0, 0, 0]
applicants, | [0]
accounting | [0]
attributed | [0, 2]
application. | [0]
agriculture, | [0]
applications.[162] | [0]
acting: | [0]
advised | [0]
Acting | [0]
agree | [0, 0, 2]
analysts | [0]
argued | [0, 0]
Any | [0, 0, 2, 2, 2]
analyzed | [0]
agent: | [0]
accepted | [0, 1]
advantages | [0]
asking | [0, 1]
agent").[170] | [0]
algebra | [0, 1, 1, 1, 1, 1, 2, 2, 2]
action."[173] | [0]
Although | [0, 1, 2, 2, 2]
agree.[t][50] | [0]
attain | [0]
away | [0]
AI: | [0]
actively | [0]
approximation. | [0]
affect | [0, 1, 2]
AI] | [0]
anything | [0]
all. | [0]
AI": | [0]
appropriately | [0]
assertion | [0]
argument, | [0]
attempts | [0, 1, 1, 1, 1, 2]
agent.[182] | [0]
Aldous | [0]
acknowledge | [0]
AI.[199] | [0]
automation, | [0, 0]
actors | [0, 0]
arms | [0, 0]
authoritarian | [0]
aid | [0, 1]
Algorithmic | [0, 0, 1, 1, 1, 1]
after | [0, 0, 1, 1, 1, 1, 1, 1, 1, 1, 1, 2, 2, 2, 2, 2]
assuming | [0]
acquiring | [0]
acquire | [0]
AI.[215] | [0]
AI.[216] | [0]
assist | [0, 2]
away.[w] | [0]
AAAI | [0]
agents"[224] | [0]
algorithms.[226] | [0]
adopted | [0, 1]
AI.[46] | [0]
Arabia, | [0]
Arab | [0, 1]
accordance | [0]
AI.[228] | [0]
Arthur | [0]
Aliens | [0]
Asimov | [0]
Asimov's | [0, 0]
almost | [0, 1]
ambiguity.[231] | [0]
A.I. | [0]
Androids | [0]
altered | [0, 1]
announced | [0, 2]
autonomously. | [0]
assassinate | [0]
anywhere | [0]
Approach | [0, 0, 0]
Authority | [0]
appointed | [0]
authority | [0]
agenda. | [0]
Affairs | [0]
Aviv, | [0]
agenda | [0]
adoption | [0]
activity | [0, 1]
assailants | [0]
attract | [0]
attention | [0]
algorithms[254]. | [0]
Andrew | [0]
addition | [0, 1, 1, 2]
analyzing | [0]
Algorithm | [1, 1, 1, 1, 1, 1, 1, 1, 1, 1, 1, 1, 1]
Analysis | [1, 1, 1]
algorithm) | [1]
accurately, | [1]
A) | [1]
Ada | [1, 1]
Algorithms | [1, 1, 1, 1, 1, 1, 1, 1, 1]
already | [1, 1, 1]
Ancient | [1, 1]
Arithmetic | [1, 1, 2, 2, 2]
Arabic | [1, 1]
al-Kindi | [1]
analysis.[13] | [1]
al-Khwārizmī, | [1, 1, 1]
Algoritmi | [1]
al-Khwārizmī | [1]
astronomer, | [1]
About | [1]
al-Khwarizmi | [1]
Algorizmi | [1]
Al-Khwarizmi'), | [1]
Al-Khwarizmi's | [1]
Al-Khwarizmi | [1, 1]
Ages, | [1]
another | [1, 1, 2, 2, 2]
Algebra.[19] | [1]
algorismus, | [1]
algorithmus, | [1]
attested | [1]
algorithmic. | [1]
Another | [1, 1, 1, 1, 2, 2, 2, 2, 2, 2, 2, 2, 2]
Algorismo | [1]
Alexandre | [1]
algorismus | [1]
ars | [1]
Algorism | [1]
Alonzo | [1, 1]
above | [1, 1, 1, 1, 2]
atoms, | [1]
another, | [1, 1, 1]
arbitrarily | [1, 2, 2, 2, 2]
algebraic | [1, 1, 2, 2, 2, 2, 2, 2, 2, 2]
authors' | [1]
axioms | [1, 1, 1]
apparently | [1]
arithmetic | [1, 1, 1, 1, 1, 2, 2, 2, 2, 2, 2, 2, 2, 2, 2, 2, 2, 2, 2, 2, 2, 2, 2, 2, 2, 2, 2, 2, 2]
Authors | [1]
assert | [1, 2]
argument | [1, 1, 2, 2]
always | [1, 1, 1, 1, 1, 2, 2, 2, 2, 2, 2, 2]
algorithm. | [1, 1, 1, 1, 1, 1, 1, 1, 1]
applies | [1, 2]
arise. | [1]
assignment | [1, 1, 1, 1, 1, 1, 1]
alternate | [1]
ambiguous, | [1]
avoid | [1]
ambiguities | [1]
assembly | [1]
algorithm's | [1]
algorithms: | [1, 1]
assignment-blocks | [1]
aesthetic | [1]
adaptability | [1]
algorithm: | [1, 1]
algorithms".[43] | [1]
agent, | [1]
agent.[49] | [1]
assignment/replacement/substitution, | [1]
advises | [1]
arbitrariness | [1]
assignment, | [1]
augments | [1]
additional | [1, 1, 2]
aide | [1]
arrow | [1]
as: | [1, 1]
Assume | [1]
assignment. | [1]
added. | [1]
AND | [1]
ad | [1]
absurdum | [1]
algorithm—some | [1]
A, | [1, 1, 1, 1, 1]
again, | [1]
article. | [1]
A,B | [1]
A=A-B | [1]
A=abs(A); | [1]
A=A-B; | [1]
A; | [1, 1]
author | [1]
all). | [1]
algorithm/program, | [1]
Ariane | [1]
applicable | [1, 1, 2]
algorithm".[67] | [1]
arrives | [1]
analysis[69] | [1]
author—then | [1]
algorithm;[70] | [1]
analysis. | [1]
answers | [1, 2, 2, 2]
arrays. | [1]
algorithmics, | [1]
analysis, | [1, 1, 1]
abstractly | [1]
applications.[73] | [1]
axioms. | [1]
appeal | [1]
advantage | [1]
architectures | [1]
asymmetrical | [1]
approximate | [1, 1, 1, 1]
approximation | [1, 1, 1, 1]
approximations | [1, 2]
answer, | [1, 1, 2]
asymptotically | [1, 2]
algorithm's. | [1]
abandoned | [1]
algorithms; | [1]
algorithm.[78] | [1]
additionally | [1]
anyway. | [1]
avoids | [1]
adjacent | [1, 2]
annealing, | [1, 1]
array | [1]
adjective | [1]
approximations—such | [1]
analysis; | [1]
analog | [1]
Algorithms, | [1]
Additionally, | [1]
algorithm.[11] | [1]
astronomy. | [1]
ancients | [1]
accumulating | [1]
abacus | [1, 1]
Al-jabr | [1]
Al-jabr. | [1]
ahead | [1]
Al-Kindi, | [1]
algorithm.[13] | [1]
Ages]", | [1]
automata" | [1]
abacus" | [1]
argument".[88] | [1]
analogous, | [1]
apprehend, | [1]
adding | [1, 1, 2, 2]
arithmetic, | [1, 2, 2]
axiomatization | [1]
amplified | [1]
Alfred | [1]
appeared: | [1]
admit | [1]
account | [1]
author's | [1]
added): | [1]
answer. | [1]
arithmetic: | [2, 2]
AKS | [2, 2, 2, 2]
analytic | [2, 2]
Analytic | [2, 2, 2]
Analytical | [2, 2]
Abstract | [2, 2]
Arts | [2, 2]
arrange | [2]
are:[8] | [2]
A000040 | [2]
Around | [2]
AD, | [2]
al-Haytham | [2]
al-Banna' | [2]
al-Marrakushi, | [2]
Abaci | [2]
Alhazen's | [2]
asymptotic | [2, 2, 2]
applicable. | [2]
Ages | [2]
awkward | [2]
above, | [2]
arithmetic.[44] | [2]
ab}ab | [2]
a}a | [2, 2, 2, 2, 2, 2, 2, 2, 2]
add | [2]
A>1}{\displaystyle | [2]
A>1} | [2]
A^{3^{n}}\right\rfloor | [2, 2]
A}A | [2]
asserts | [2, 2, 2]
Also, | [2]
additive | [2, 2, 2]
Andrica's | [2]
approximately | [2, 2]
asked | [2]
arguments) | [2]
a,a+q,a+2q,a+3q,\dots | [2, 2]
arranges | [2, 2]
absolute | [2, 2, 2, 2, 2, 2, 2, 2, 2, 2, 2, 2]
asks | [2]
arithmetic. | [2]
a\not | [2, 2]
a^{p-1}\equiv | [2, 2]
a+bi}a+bi | [2]
a+b{\sqrt | [2]
appropriate | [2, 2]
addressed | [2]
absolutely | [2]
algorithms.[32] | [2]
Animation | [2]
After | [2]
animation | [2]
Atkin.[125] | [2]
answer.[127] | [2]
a^{(p-1)/2}\pm | [2, 2]
aforementioned | [2]
apply | [2]
awarded | [2]
all) | [2]
a^{b}{\bmod | [2, 2]
Adler-32, | [2]
area.[162] | [2]
arts | [2]
any) | [2]
angle | [2]
about, | [2]
artists | [2]
ametrical | [2]
aliens, | [2]
American | [2]
astronomer | [2]
Asperger | [2]
