Wikipedia, | [0, 1]
which | [0, 0, 0, 0, 0, 0, 0, 0, 0, 0, 0, 0, 0, 0, 0, 0, 0, 0, 0, 1, 1, 1, 1, 1, 1, 1, 1, 1, 1, 1, 1, 1, 1, 1, 1, 1, 1, 1, 1, 1, 1, 1, 1, 1, 1, 1, 1, 1, 1, 1, 1, 1, 1, 1, 1, 1, 1, 2, 2, 2, 2, 2, 2, 2, 2, 2, 2, 2, 2, 2, 2, 2, 2, 2, 2, 2, 2, 2, 2, 2]
with | [0, 0, 0, 0, 0, 0, 0, 0, 0, 0, 0, 0, 0, 0, 0, 0, 0, 0, 0, 0, 0, 0, 0, 0, 0, 0, 0, 0, 0, 0, 0, 0, 0, 0, 0, 0, 0, 0, 0, 0, 0, 0, 0, 0, 0, 0, 0, 0, 0, 0, 0, 0, 0, 0, 0, 0, 0, 0, 0, 1, 1, 1, 1, 1, 1, 1, 1, 1, 1, 1, 1, 1, 1, 1, 1, 1, 1, 1, 1, 1, 1, 1, 1, 1, 1, 1, 1, 1, 1, 1, 1, 1, 1, 1, 1, 1, 1, 1, 1, 1, 1, 1, 1, 1, 1, 1, 1, 2, 2, 2, 2, 2, 2, 2, 2, 2, 2, 2, 2, 2, 2, 2, 2, 2, 2, 2, 2, 2, 2, 2, 2, 2, 2, 2, 2, 2, 2, 2, 2, 2, 2, 2, 2, 2, 2, 2, 2, 2, 2, 2, 2, 2, 2, 2, 2, 2, 2, 2, 2, 2, 2, 2, 2, 2]
who | [0, 0, 0, 1, 1, 1, 2]
web | [0]
was | [0, 0, 0, 0, 0, 0, 0, 0, 0, 0, 0, 0, 0, 0, 0, 0, 0, 0, 0, 0, 0, 0, 0, 0, 0, 0, 0, 0, 1, 1, 1, 1, 1, 1, 1, 1, 1, 1, 1, 1, 1, 1, 1, 1, 1, 1, 1, 1, 1, 1, 1, 1, 1, 1, 1, 1, 1, 1, 1, 1, 1, 1, 2, 2, 2, 2, 2, 2, 2, 2, 2, 2, 2, 2, 2]
waves | [0, 0]
winter"),[8][9] | [0]
wide | [0, 0, 0, 1, 2]
writers | [0]
Warfare | [0, 0, 0]
work | [0, 0, 0, 0, 1, 1, 1, 1, 1, 1, 1, 1, 1, 1, 1, 1, 2, 2, 2]
world | [0, 0, 0, 0, 0, 0]
world. | [0, 0]
ways | [0, 1, 1, 1, 2, 2, 2]
were | [0, 0, 0, 0, 0, 0, 0, 0, 0, 0, 0, 0, 0, 0, 0, 0, 0, 0, 0, 1, 1, 1, 1, 1, 1, 1, 2, 2, 2, 2, 2]
workshop | [0]
word | [0, 0, 0, 0, 1, 1, 1, 1, 1, 1, 1, 1, 1, 2]
world.[31] | [0]
would | [0, 0, 0, 0, 0, 0, 0, 0, 0, 0, 0, 0, 0, 0, 0, 1, 1, 1, 1, 1, 1, 1, 1, 1, 2, 2, 2, 2, 2, 2, 2, 2, 2, 2, 2]
will | [0, 0, 0, 0, 0, 0, 0, 0, 0, 0, 0, 0, 0, 0, 0, 0, 0, 1, 1, 1, 1, 2, 2, 2, 2, 2, 2, 2]
within | [0, 0, 0, 1, 1, 2, 2]
writing, | [0]
winter", | [0]
when | [0, 0, 0, 0, 0, 0, 0, 0, 0, 0, 0, 0, 1, 1, 1, 1, 1, 1, 1, 1, 1, 1, 1, 1, 1, 1, 1, 2, 2, 2, 2, 2, 2, 2, 2, 2, 2, 2, 2, 2, 2]
winter | [0]
widely | [0, 0, 0, 0, 0, 0, 1]
well-funded | [0]
Web | [0, 0]
we | [0, 0, 0, 0, 0, 0, 0, 1, 1, 1, 1, 1, 1, 1, 1, 1, 1, 1]
what | [0, 0, 0, 0, 0, 0, 0, 1, 1, 1, 1, 1, 1, 1, 1, 1, 1, 1, 1]
well | [0, 0, 0, 0, 0, 0, 1, 1, 1, 1, 2]
world, | [0, 0, 0, 0, 0, 1]
wireless | [0]
When | [0, 0, 1, 1, 1, 1, 1, 1, 1, 2, 2]
where | [0, 0, 0, 0, 0, 1, 1, 1, 1, 1, 1, 1, 2, 2, 2, 2, 2, 2, 2]
wherein | [0]
well. | [0]
ways; | [0]
wisdom | [0]
which, | [0]
weighted | [0, 0, 1]
whether | [0, 0, 0, 0, 0, 0, 0, 1, 1, 1, 2, 2, 2, 2, 2, 2, 2, 2, 2]
weights | [0, 1]
wire | [0, 0]
weight | [0, 1, 1]
way | [0, 0, 0, 1, 1, 1, 1, 1, 1, 1, 1, 1, 1, 2, 2, 2, 2, 2, 2, 2]
weighing | [0]
while | [0, 0, 0, 0, 1, 1, 1, 1, 1, 1, 1, 1, 2, 2, 2, 2, 2, 2]
Watson, | [0]
won | [0]
without | [0, 0, 0, 1, 1, 1, 1, 1]
WIPO | [0]
Workshop, | [0]
wrote | [0, 1, 1]
wrote: | [0]
why | [0, 0, 0, 1, 2]
works, | [0]
writer | [0]
Warwick, | [0]
Workplace | [0]
widely; | [0]
worry | [0]
white-collar | [0]
weaponized | [0, 0]
weapon | [0]
widespread | [0]
warfare | [0, 0, 0, 0]
weapons. | [0]
white | [0]
worth | [0]
Wendell | [0]
Wallach's | [0]
works | [0, 0, 0, 1, 1, 2]
weapons, | [0, 0, 0]
world’s | [0]
world”.[citation | [0]
War | [0, 0]
weapons | [0, 0]
wars | [0]
With | [0, 0, 0, 0, 1, 1, 1]
Washington, | [0]
war[253]. | [0]
whichexposes | [0]
war, | [0]
well-defined | [1, 1, 1, 1, 1]
whose | [1, 1, 1, 1, 2, 2]
Wisdom | [1]
with: | [1, 1]
write | [1, 1, 1, 1, 1]
writing | [1, 1, 2, 2]
work, | [1]
written | [1, 1, 1, 1, 2, 2, 2, 2, 2, 2, 2, 2]
with, | [1]
WHILE-DO | [1]
want | [1]
worse: | [1]
WHILE-DO, | [1]
Written | [1]
words, | [1, 2]
While | [1, 1]
worse, | [1]
works: | [1]
words | [1]
wants | [1]
Will | [1]
What | [1, 1]
winner, | [1]
whereas | [1, 1, 1, 1]
wasted | [1]
well-established | [1]
Whether | [1]
way, | [1]
weight-driven | [1]
wood | [1]
whole | [1, 2]
wooden | [1]
worked | [1, 2]
went | [1]
Whitehead | [1]
worker | [1, 1]
work[107] | [1]
we[who?] | [1]
whittles | [1]
We | [1, 1, 1, 1, 1]
wishes | [1]
Wilson's | [2, 2, 2]
weaker | [2]
way. | [2]
Writing | [2]
Wright. | [2]
withstood | [2]
Weaker | [2]
weak | [2]
whenever | [2, 2, 2]
ways, | [2]
wear | [2]
Wegman | [2, 2]
whence | [2]
weeks | [2]
writers. | [2]
